version: 1
creator: callgrind-0.9.9
pid: 9833
cmd: ../dictionary -file shakespeare.txt
part: 1

desc: Option: --skip-plt=yes
desc: Option: --collect-jumps=no
desc: Option: --separate-recs=2
desc: Option: --separate-callers=0

desc: I1 cache: 16384 B, 32 B, 8-way associative
desc: D1 cache: 65536 B, 64 B, 2-way associative
desc: L2 cache: 1048576 B, 64 B, 8-way associative

desc: Timerange: Basic block 0 - 888600000
desc: Trigger: Program termination

positions: line
events: Ir Dr Dw I1mr D1mr D1mw I2mr D2mr D2mw
summary: 3724031356 1456997321 870390033 2042 179595698 28339297 1159 1752 14959


ob=(7) /afs/cs.cmu.edu/project/ics2/code/opt/dictionary
fl=(10) options.c
fn=(332) add_int_option
93 14 0 7 1 0 0 1
+1 28 14 7 1 1 0 0 1
+1 7 0 7
+1 14 7 7 0 0 1 0 0 1
+1 14 0 7 1 0 0 1
+1 14 14

fn=(334) add_string_option
109 2 0 1 1
+1 4 2 1 1 0 0 1
+1 1 0 1
+1 2 1 1
+1 2 0 1 1
+1 2 2

fn=(340) match_length
32 40 16 16 1 0 0 1
+1 8
+5 24 16 0 0 1 0 0 1
-3 7
+1 14 7
+2 30 12 0 0 1 0 0 1
+3 32 24 0 1

fn=(342) show_options
208 6 1 3 2 0 0 2
+2 3 1
+1 50 8 0 1
+2 63 21 35 1 0 0 1
* 11 9 2 1 0 0 1
cob=(3) /lib/tls/libc-2.3.3.so
cfi=(3) ???
cfn=(348) fprintf
calls=7 0 
* 9466 3082 1916 156 11 2 96 11
cob=(1) /lib/ld-2.3.3.so
cfi=(1) ???
cfn=(234) _dl_runtime_resolve
calls=1 0 
* 1063 395 143 0 6 0 0 5
+1 7
+5 4 2 0 1
+1 7 2 5
* 1 1
cob=(3)
cfi=(3)
cfn=(348)
calls=1 0 
* 1307 427 260 1
-10 24 8 0 1 0 0 1
+14 5 4

fn=(336) parse_options
117 7 1 4
+2 1
+2 2 1 1
+1 3 1 0 1 0 0 1
+2 3 2
+7 6 2 3 1
cfn=(338) find_option
calls=1 -65 
* 330 106 56 8 2 0 5 2
* 1 0 1
+1 1
+1 2 1 0 1 0 0 1
+4 8 2 0 2 0 0 1
+15 4 3 1 1 0 0 1
+1 1
-31 3 1 0 1 0 0 1
+39 7 5

fn=(338)
66 7 1 4 2 0 0 2
+1 1 0 1
+1 1
+2 1 0 1
+1 4 1 0 1
+1 40 8 24
cfn=(340)
calls=8 -40 
* 155 75 16 2 2 0 1 2
* 8
+1 16 0 0 1 0 0 1
+1 2 0 2
+1 2
+1 4 0 2
+1 30
+1 24 6 6 1
-7 24 8
+10 2
+3 2 1 0 1 0 0 1
+5 7 6

fl=(9) dictionary.c
fn=(330) main
401 6 0 2 2 0 0 2
+1 1 0 1
+1 1 0 1
+1 1 0 1
+1 1 0 1
+1 1 0 1 1
+1 1 0 1
+1 1 0 1
+1 1 0 1
+1 1 1
+1 4 0 3 1 0 0 1
cfi=(10)
cfn=(332)
calls=1 93 
* 13 5 5 3 1 0 2 1
+1 4 0 3 1
cfi=(10)
cfn=(332)
calls=1 93 
* 13 5 5
+1 4 0 3
cfi=(10)
cfn=(332)
calls=1 93 
* 13 5 5 0 0 1 0 0 1
+1 4 0 3 1 0 0 1
cfi=(10)
cfn=(332)
calls=1 93 
* 13 5 5
+1 4 0 3
cfi=(10)
cfn=(332)
calls=1 93 
* 13 5 5
+1 4 0 3 1
cfi=(10)
cfn=(332)
calls=1 93 
* 13 5 5
+1 4 0 3 1 0 0 1
cfi=(10)
cfn=(332)
calls=1 93 
* 13 5 5
+1 4 0 3
cfi=(10)
cfn=(334)
calls=1 109 
* 13 5 5 3 0 0 1
+1 6 2 4 1
cfi=(10)
cfn=(336)
calls=1 117 
* 379 125 66 15 2 0 10 2
+1 3 1 2
cfi=(10)
cfn=(342)
calls=1 208 
* 12017 3961 2364 164 17 2 101 16
+1 4 1 3 1 0 0 1
* 5 3 2 1 0 0 1
cob=(3)
cfi=(3)
cfn=(392) _IO_printf
calls=1 0 
* 1192 378 216 2 1 1 1 0 1
cob=(1)
cfi=(1)
cfn=(234)
calls=1 0 
* 1033 387 140 0 9 0 0 7
+1 5 2 3 1 1 0 0 1
* 1 1
cob=(3)
cfi=(3)
cfn=(392)
calls=1 0 
* 1354 423 235 0 2 0 0 1
+1 5 2 3 1 0 0 1
* 1 1
cob=(3)
cfi=(3)
cfn=(392)
calls=1 0 
* 1189 377 215
+1 5 2 3
* 1 1
cob=(3)
cfi=(3)
cfn=(392)
calls=1 0 
* 1387 459 241 3 1 0 1 1
+1 2 1 0 1
+4 2 1 0 1 0 0 1
+4 2 1 0 2 0 0 1
+4 2 1 0 1
+1 4 1 3 1 0 0 1
* 5 3 2 1 0 0 1
cob=(3)
cfi=(3)
cfn=(400) _IO_fopen@@GLIBC_2.1
calls=1 0 
* 26669 8956 1263 162 424 24 98 278 6
cob=(1)
cfi=(1)
cfn=(234)
calls=1 0 
* 902 343 131 0 1 0 0 1
* 1
+1 2
+5 19 10 9 3 0 0 1
cfn=(452) word_freq
calls=1 -65 
* 3723749158 1456901576 870351265 231 179593584 28338845 122 125 14548
+4 1 0 1 1 0 0 1
* 5 3 2 1
cob=(3)
cfi=(3)
cfn=(546) clock
calls=1 0 
* 94 32 17 17 1 0 13 1
cob=(1)
cfi=(1)
cfn=(234)
calls=1 0 
* 967 367 140 0 13 0 0 5
* 7 2 4 1 1 1
* 1 1
cob=(3)
cfi=(3)
cfn=(392)
calls=1 0 
* 5017 1726 1037 176 13 9 103 12
+1 2 0 2
* 5 3 2
cob=(3)
cfi=(3)
cfn=(578) _IO_fclose@@GLIBC_2.1
calls=1 0 
* 552 198 142 61 8 0 36 2
cob=(1)
cfi=(1)
cfn=(234)
calls=1 0 
* 1051 395 140 0 17 0 0 12
+2 4 3 0 0 1 0 0 1

fn=(504) insert_string
277 5790168 965028 2895084 2 0 0 1
+2 1930056 965028 1930056
cfn=(506) lower1
calls=965028 27 
* 95106791 39013518 4323232 3 0 0 1
+1 1930056 965028 1930056
cfn=(508) h_mod
calls=965028 112 
* 55064718 10717623 2895084 3 53135 0 2
* 965028
+1 4825140 2895084 2895084 0 458348
cfn=(510) find_ele_rec
calls=965028 157 
* 2191055461 868765806 604652431 28 67178908 28209913 9 0 12994
* 1930056 965028 965028 0 46623 75807
+1 3860112 3860112

fn=(532) sort_words
242 6 0 4 2 0 0 1
+3 4 1 3
* 1 1
cob=(3)
cfi=(3)
cfn=(462) calloc
calls=1 0 
* 11499 121 11188 1 13 698 0 0 697
* 1
+2 1
+1 1 0 1 1 0 1 1
+1 5 2 2
+1 5120 3072 0 1 187 0 0 1
+2 118530 47412 23706 1 36071 0 1 3
+1 47412 23706 0 0 14227
+3 165938 71115 0 0 26842
+1 224871834 112435917 112435917 0 403 953 0 0 498
-1 787051411 337307745 0 0 111253995
+2 23706 0 23706 1 0 522 0 0 287
+2 23706
-10 71118 23706 0 0 2928
-1 4096 2048 1024 1 135 121 1
+13 2 1 0 0 1
+3 2 1 1 1 1
+1 5 0 0 1
+1 71115 47410 23705 0 1480 21781
-1 71115
+2 2 1 1 0 0 1
+1 2 0 2 0 0 1
* 5 3 2 1 2
cob=(3)
cfi=(3)
cfn=(538) free
calls=1 0 
* 318 110 63 25 12 2 15
cob=(1)
cfi=(1)
cfn=(234)
calls=1 0 
* 945 361 137 1 57 8 1 43 1

fn=(452)
379 9 3 4 1 0 0 1
+4 3 1 2 1
cfn=(454) init_token
calls=1 -93 
* 7 3 3 2 0 2 2 0 2
+1 3 1 2
cfn=(456) new_table
calls=1 76 
* 2300 458 1206 17 11 64 11 0 64
+2 1
+1 5790168 965028 4825140
cfn=(504)
calls=965028 277 
* 2362457586 929112255 622486055 36 67737014 28285720 13 0 12994
* 2895087 965029 1930058 1 27112 27294 1
cfn=(464) get_token
calls=965029 -64 
* 338128421 75893688 128588035 83 493071 1664 43 67 2
* 1930058
+2 2
+1 3 1 2 1
cfn=(532)
calls=1 242 
* 1012537907 449962739 112519462 37 111336354 24088 20 47 1483

fn=(532)
271 7 6

fn=(452)
390 1
+3 5
-1 6 2 4 1 1 1 1
* 1 1
cob=(3)
cfi=(3)
cfn=(392)
calls=1 0 
* 1350 427 264 45 16 10 30 9 1
+1 6 1
+3 18 8 10 3 2
* 1 1
cob=(3)
cfi=(3)
cfn=(392)
calls=1 0 
* 6209 1925 1018 3 3 2 0 2 2
+2 6 5

fn=(456)
76 4 1 1 2 0 0 2
+1 1 0 1
+1 3 0 3
* 5 3 2 1
cob=(3)
cfi=(3)
cfn=(462)
calls=1 -78 
* 1237 60 1061 13 0 64 8 0 64
cob=(1)
cfi=(1)
cfn=(234)
calls=1 -78 
* 1045 392 137 0 11
* 1 0 1
+1 2
+4 2 2 0 1 0 0 1

fn=(508)
112 4825140 965028 2895084 2 0 0 2
+1 965028
+3 44449410 5892483 0 1 53135
+2 4825140 3860112

fn=(454)
290 2 0 1 1 0 0 1
+1 1 0 1 0 0 1 0 0 1
+1 2 1 1 1 0 1 1 0 1
+1 2 2

fn=(510)
157 6755196 1930056 2895084 2 0 0 1
+1 1930056
+2 170 0 170
+1 340 0 340
cfn=(512) save_string
calls=170 -16 
* 46933 15624 9136 8 179 85 3 0 58
* 340 0 340
cfn=(524) new_ele
calls=170 -75 
* 39100 13257 7486 3 0 28 1 0 28
* 170
+2 3859432 964858 2894574 1 466113 0 1
* 964862 964860 2 0 30988
cob=(3)
cfi=(3)
cfn=(530) strcmp
calls=964858 0 
* 14656702 6363802 0 2 20761 0 1
cob=(1)
cfi=(1)
cfn=(234)
calls=1 0 
* 873 328 131 0 2
* 1929716
+1 877032 292344 292344
+1 584688 292344
+1 29852 0 29852
+1 59704 29852 29852 0 0 18539
+2 584688
+2 2690056 672514 2017542 1 2146
cfn=(511) find_ele_rec'2
calls=672514 -14 
* 2150840411 853365855 595803064 10 66622821 28167328 1 0 12908
* 672514 0 672514 0 0 23933
+1 672514
+1 3860112 3860112 0 1 35898 0 1

fn=(511)
157 416824023 119092578 178638867
+1 119092578
+2 23536 0 23536 0 0 7406
+1 47072 0 47072 0 0 6068
cfn=(512)
calls=23536 -16 
* 6637501 2196817 1298464 10 107035 64096 1 0 6863
* 47072 0 47072 0 0 2
cfn=(524)
calls=23536 -75 
* 5488456 1910593 1035714 0 39 6055 0 0 6045
* 23536
+2 238091012 59522753 178568259 0 43555636 11821506
* 59522753 59522753
cob=(3)
cfi=(3)
cfn=(530)
calls=59522753 0 
* 590026711 312763473 0 0 9595718
* 119045506

fn=(464)
323 5790174 0 3860116 2 0 0 2
+6 965029 0 965029
+3 1930058 965029
+1 965029 0 965029
cfn=(466) get_word
calls=965029 -33 
* 321722928 70103514 122797861 81 493071 1664 41 67 2
* 965029
+38 5790174 4825145

fn=(466)
300 2895087 0 965029
+3 2025764 1012882 0 0 26553
+1 4051524 1012881 3038643 0 35681
* 1012881 1012881 0 0 30107
cob=(3)
cfi=(3)
cfn=(500) strtok
calls=1012881 0 
* 214072900 41748794 90813394 0 125674
+1 2025762
+3 864745 172949 691796 2
* 172953 172951 2 1
cob=(3)
cfi=(3)
cfn=(472) _IO_fgets
calls=172949 0 
* 53146732 15396142 10162281 70 275041 1663 37 64 2
cob=(1)
cfi=(1)
cfn=(234)
calls=1 0 
* 1075 407 146 0 7 1 0 1

fn=(511)
164 1946934 648978 648978
+1 1297956 648978 0 0 27071
+1 1 0 1
+1 2 1 1
+2 1297956
+2 235495100 58873775 176621325 0 6531515
cfn=(511)
calls=58873775 -14 
* 768177436001 305252821218 214661763748 1600 27764315408 15523561376 160 0 6586153
* 58873775 0 58873775 0 0 16262195
+1 58873775
+1 238185156 238185156 0 0 6805807

fn=(466)
308 345898
+2 172948 0 172948
+1 691792 172948 518844
* 172952 172950 2
cob=(3)
cfi=(3)
cfn=(500)
calls=172948 0 
* 36827984 7297314 15469614 8 2 0 4 1
cob=(1)
cfi=(1)
cfn=(234)
calls=1 0 
* 949 357 134 0 6 0 0 1
+1 345896
+3 965028 0 965028
+2 1930058 1930058

fn=(506)
27 5790168 965028 3860112 1
+3 11682651 4927455 0 1
+1 15849708 3962427
+1 926240 0 463120 1 0 0 1
-2 56032884 24333468
+3 4825140 4825140

fn=(512)
145 165942 23706 94824 2 0 0 1
+1 359038 193096 47412 1 26 6069 1
* 23710 23708 2 1 7254
cob=(3)
cfi=(3)
cfn=(406) malloc
calls=23706 0 
* 4551707 1517243 853445 10 99916 58111 1 0 6921
cob=(1)
cfi=(1)
cfn=(234)
calls=1 0 
* 1109 416 143 0 9 1
* 23706
+1 47412
+4 71118 0 71118 1
* 23710 23708 2 1
cob=(3)
cfi=(3)
cfn=(522) strcpy
calls=23706 0 
* 1273658 311626 240508 2 1 0 1
cob=(1)
cfi=(1)
cfn=(234)
calls=1 0 
* 1088 408 146 0 8
+2 142236 118530

fn=(524)
86 142236 23706 71118
+1 47412 0 47412 1
* 23706 23706
cob=(3)
cfi=(3)
cfn=(406)
calls=23706 -87 
* 4552172 1517420 853532 0 38 6081 0 0 6073
* 23706
+1 335332 193096 0 0 1
+1 47412 23706 0 1 0 0 1
+1 10 0 10 0 0 2
+1 10 0 10
+1 20 0 10
+2 118480 47392 23696
+1 47412 0 0 1
+5 23706 0 23706
+1 23706 0 23706
+2 142236 94824

fl=(8) ???
fn=(602) 0x08049AD8
0 7 0 4 2
cfn=(604) 0x08048770
calls=1 0 
0 12 5 2 2 1
0 4 4

fn=(306) 0x080485C8
0 4 0 2 1
cfn=(308) 0x08048744
calls=1 0 
0 13 5 3 1
0 1 0 1
cfn=(314) 0x080487A0
calls=1 0 
0 8 3 1 2 1 0 2
0 1 0 1
cfn=(320) 0x08049AB0
calls=1 0 
0 13 4 2 2 0 0 2
0 2 2

fn=(604)
0 12 5 2 2 1

fn=(290) 0x08048720
0 13 1 9 2 0 0 2
0 5 3 2 2 0 0 1
cob=(3)
cfi=(3)
cfn=(298) __libc_start_main
calls=1 0 
0 3723811327 1456922676 870359014 1018 179594225 28338889 590 558 14559
cob=(1)
cfi=(1)
cfn=(234)
calls=1 0 
0 1165 396 137 0 3 0 0 1

fn=(314)
0 8 3 1 2 1 0 2

fn=(600) __libc_csu_fini
0 17 0 5 2
cfn=(602)
calls=1 0 
0 23 9 6 4 1
0 6 5 0 1

fn=(304) __libc_csu_init
0 9 0 5 2 0 0 1
cfn=(306)
calls=1 0 
0 42 14 10 6 1 0 4
0 14 5 1 2 0 0 1

fn=(308)
0 13 5 3 1

fn=(320)
0 13 4 2 2 0 0 2

ob=(1)
fl=(1)
fn=(0) 0x004837C0
0 2 0 1 1 0 1 1 0 1
cfn=(2) _dl_start
calls=1 0 
0 213621 72497 30153 877 1431 395 477 1176 390
0 2 0 1 1
cfn=(144) 0x004837B0
calls=1 0 
0 2 2 0 1 0 0 1
0 11 3 3 1
cfn=(148) _dl_init_internal
calls=1 0 
0 5206 1743 713 139 39 12 87 17 9
0 2
cob=(7)
cfi=(8)
cfn=(290)
calls=1 0 
0 3723812510 1456923076 870359162 1022 179594228 28338889 593 559 14559

fn=(4) 0x0049507B
0 1766 1766 0 1 0 0 1

fn=(6) _dl_setup_hash
0 105 35 28 2 7 1 1 7 1

fn=(8) _dl_sysdep_start
0 13 1 6 2 0 2 1 0 2
cfn=(4)
calls=1 0 
0 2 2
0 371 65 22 7 7 2 4 7 2
cfn=(10) uname
calls=1 0 
0 8 2 0 2 0 0 2
0 119 14 19 7 1 0 3 1
cfn=(12) strchr
calls=1 0 
0 42 6 1 7 0 0 5
0 20 6 3 5 0 0 4
cfn=(14) brk
calls=1 0 
0 20 6 4 2 0 1 1 0 1
0 16 4 2 2 1 0 1 1
cfn=(16) strlen
calls=1 0 
0 24 5 0 4 0 0 3
0 3 0 3
cfn=(18) sbrk
calls=1 0 
0 27 10 5 4 0 0 3
0 13 4 4 2 0 0 1
cfn=(20) dl_main
calls=1 0 
0 212084 72176 29932 787 1405 376 426 1152 371
0 115 35 25 13 2 0 6 1

fn=(14)
0 5 1 3 1 0 0 1
cfn=(4)
calls=1 0 
0 2 2
0 13 3 1 1 0 1 0 0 1

fn=(38) memcpy
0 329 176 91 2 0 11 1 0 11

fn=(42) _dl_important_hwcaps
0 7 0 5 1 0 0 1
cfn=(4)
calls=1 0 
0 2 2
0 467 5 10 5 1 1 2 1 1
cfn=(16)
calls=1 0 
0 21 5 0 1 1 0 1 1
0 169 20 37 6 0 0 3
0 1 1
cfn=(32) malloc
calls=1 0 
0 49 18 13 0 0 1 0 0 1
0 13 5 3 1 0 0 1

fn=(44) mempcpy
0 911 309 51 2 1 2 1 1 2

fn=(42)
0 19 6 6 3 0 0 1
cfn=(44)
calls=1 0 
0 15 6 2 2 1 1 1 1 1
0 9 4 4
cfn=(44)
calls=1 0 
0 15 6 2
0 39 8 10 1 0 0 1
cfn=(44)
calls=2 0 
0 28 10 2
0 411 90 56 8 0 0 3

fn=(44)
0 505 333 247 0 1 4 0 0 4

fn=(42)
0 7 3 4 1 0 0 1
cfn=(44)
calls=1 0 
0 14 5 1
0 4 0 1 1 0 0 1

fn=(50) _dl_map_object
0 84 0 60 2 0 2 1 0 2
cfn=(4)
calls=12 0 
0 24 24
0 398 128 94 2 0 2 1 0 2
cfn=(52) _dl_name_match_p
calls=46 0 
0 3431 1189 521 5 0 1 2 0 1
0 92

fn=(56) expand_dynamic_string_token
0 9 0 6 2 0 1 1 0 1
cfn=(4)
calls=1 0 
0 2 2
0 5 0 4
cfn=(12)
calls=1 0 
0 145 12 1 3 0 0 1
0 6 1 3 1 0 0 1
cfn=(16)
calls=1 0 
0 78 11
0 3 0 2
0 1 1
cfn=(32)
calls=1 0 
0 49 18 13 0 0 1 0 0 1
0 8 1 4 1
cfn=(38)
calls=1 0 
0 23 14 9 0 0 1 0 0 1
0 8 5

fn=(62) read
0 50 25 5 1 0 0 1

fn=(70) memset
0 3143 42 3031 2 0 193 1 0 193

fn=(80) _dl_catch_error
0 88 0 55 1 0 0 1
cfn=(4)
calls=11 0 
0 22 22
0 44 11 33 1 0 0 1
cfn=(82) _dl_initial_error_catch_tsd
calls=11 0 
0 99 44 22 2 0 0 1
0 66 11 44 1
cfn=(84) _setjmp
calls=11 0 
0 132 33 77 2 0 0 1
0 99 33 33 1 0 0 1
cfn=(86) openaux
calls=11 0 
0 29717 8359 7285 166 95 228 83 94 228
0 132 77 33 1

fn=(94) _dl_sysdep_read_whole_file
0 7 0 4 1 0 0 1
cfn=(4)
calls=1 0 
0 2 2
0 8 0 6 1
cfn=(60) open
calls=1 0 
0 10 5 1
0 8 0 4 1 0 0 1
cfn=(66) __GI___fxstat64
calls=1 0 
0 39 15 5
0 8 1 3 1
cfn=(72) close
calls=1 0 
0 8 2
0 17 7 7 2 0 0 1
cfn=(68) mmap
calls=1 0 
0 8 1
0 2 0 1

fn=(104) mprotect
0 125 60 17 4 0 0 1
cfn=(76) __i686.get_pc_thunk.cx
calls=5 0 
0 10 10
0 30 0 5 1

fn=(134) __GI__dl_allocate_tls_init
0 9 1 6 1 0 0 1
cfn=(4)
calls=1 0 
0 2 2
0 55 20 8 7 0 0 3
cfn=(44)
calls=1 0 
0 15 6 2 0 1 1 0 0 1
0 5 0 4
cfn=(70)
calls=1 0 
0 25 6 9
0 13 8 1 2 0 0 1

fn=(12)
0 1101 114 18 9 7 0 5 7

fn=(50)
0 232 89 15 2 0 0 1
cfn=(12)
calls=5 0 
0 324 40 5 1
0 16 3 1 1 0 0 1
cfn=(56)
calls=1 0 
0 337 65 42 7 0 3 3 0 3
0 120 50 47 4 0 0 1
cfn=(64) _dl_map_object_from_fd
calls=5 0 
0 10690 2275 4033 137 41 227 73 40 227
0 366 162 100 2 0 0 2
cfn=(54) strcmp
calls=25 0 
0 563 221 0 0 5 0 0 5
0 59 3 4 1
cfn=(54)
calls=1 0 
0 9 5
0 11 2 3 2 0 0 1
cfn=(16)
calls=1 0 
0 46 7
0 5 0 3
0 1 1
cfn=(32)
calls=1 0 
0 49 18 13
0 10 2 4 2 0 0 1
cfn=(38)
calls=1 0 
0 18 9 4 0 0 1 0 0 1
0 57 36 6 1 0 0 1
cfn=(58) open_verify
calls=1 0 
0 150 58 28 12 2 1 8 2 1
0 15 4 9 3 0 0 1
cfn=(16)
calls=4 0 
0 178 31
0 311 77 34 11 0 0 6
cfn=(88) open_path
calls=4 0 
0 6203 2281 1537 29 0 10 16 0 10
0 100 33 8 6 0 0 3
cfn=(92) _dl_load_cache_lookup
calls=3 0 
0 6500 1618 794 46 57 0 23 57
0 45 18 6 2 0 0 1
cfn=(58)
calls=3 0 
0 636 279 90 5 0 0 3
0 18 3 9 1 0 0 1
cfn=(16)
calls=3 0 
0 173 27
0 9 0 6
0 3 3
cfn=(32)
calls=3 0 
0 147 54 39
0 27 3 12 1
cfn=(38)
calls=3 0 
0 57 30 15 0 0 1 0 0 1
0 15 3 3 1 0 0 1

fn=(92)
0 21 0 15 1 0 0 1
cfn=(4)
calls=3 0 
0 6 6
0 90 18 27 4 0 0 2
cfn=(54)
calls=3 0 
0 48 21
0 36 9 27
cfn=(54)
calls=9 0 
0 213 81
0 741 279 81 6 24 0 2 24
cfn=(96) _dl_cache_libcmp
calls=27 0 
0 2847 602 355 8 24 0 4 24
0 118 0 13 1 0 0 1
cfn=(94)
calls=1 0 
0 117 33 31 6 0 0 3
0 166 103 16 8 5 0 4 5
cfn=(96)
calls=9 0 
0 1536 330 183 0 3 0 0 3
0 180 43 12 5 0 0 3
cfn=(96)
calls=1 0 
0 213 46 25 0 1 0 0 1
0 168 47 9 7 0 0 3

fn=(96)
0 4596 978 563 8 28 0 4 28

fn=(108) _dl_receive_error
0 6 0 4 2 0 0 2
cfn=(4)
calls=1 0 
0 2 2
0 6 1 5
cfn=(82)
calls=1 0 
0 9 4 2
0 10 5 5 1
cfn=(110) version_check_doit
calls=1 0 
0 14130 5169 1822 40 50 21 23 50 21
0 9 6 2 1 0 0 1

fn=(118) _dl_determine_tlsoffset
0 7 0 5 1 0 0 1
cfn=(4)
calls=1 0 
0 2 2
0 73 27 14 10 0 0 5

fn=(126) _dl_lookup_symbol_x
0 1584 0 880 1 0 2 1 0 1
cfn=(4)
calls=176 0 
0 352 352
0 24357 4882 3168 8 83 4 4 69 2
cfn=(128) do_lookup_x
calls=176 0 
0 113204 44051 11481 24 1064 5 14 791 1
0 6960 3264 674 10 0 0 6

fn=(420) rtld_lock_default_unlock_recursive
0 102 51 34 2 0 0 1

fn=(12)
0 207 40 0 3 0 0 1

fn=(18)
0 7 1 4 1 0 0 1
cfn=(4)
calls=1 0 
0 2 2
0 18 7 1 3 0 0 2

fn=(20)
0 7 0 5 1 0 1 1 0 1
cfn=(4)
calls=1 0 
0 2 2
0 28 2 13 5 0 3 2 0 3
cfn=(22) _dl_next_ld_env_entry
calls=1 0 
0 247 84 3 2 16 0 1 16
0 4 0 2
cfn=(22)
calls=2 0 
0 48 17 5 0 2 0 0 2
0 261 50 8 6 2 1 3 2 1
cfn=(24) _dl_new_object
calls=1 0 
0 194 62 58 28 3 6 15 3 6
0 351 70 31 19 6 3 11 6 3
cfn=(6)
calls=1 0 
0 15 5 4 0 1 0 0 1
0 91 28 22 13 2 2 7 2 2
cfn=(74) access
calls=1 0 
0 18 5 2 2 0 0 1
0 86 34 11 14 2 1 9 2 1
cfn=(40) _dl_init_paths
calls=1 0 
0 4603 1004 486 75 4 12 40 4 12
0 31 10 5 7 0 1 5 0 1
cfn=(78) _dl_map_object_deps
calls=1 0 
0 35544 9795 8214 234 102 233 118 101 233
0 141 54 28 11 0 0 6
cfn=(108)
calls=1 0 
0 14172 5187 1840 44 50 21 26 50 21
0 18 7 2 3 0 0 2
cfn=(122) _dl_debug_initialize
calls=1 0 
0 18 7 6 3 0 0 2
0 26 10 7 5 1 0 3
cfn=(134)
calls=1 0 
0 124 43 30 10 1 1 5 0 1
0 26 5 10 3 1 0 1
cfn=(136) __GI__dl_debug_state
calls=1 0 
0 4 2 1
0 1 0 1
cfn=(138) _dl_unload_cache
calls=1 0 
0 31 10 7 4 0 0 1
0 156 48 40 6 3 0 4
cfn=(124) _dl_relocate_object
calls=6 0 
0 146292 52536 17477 120 1175 41 64 951 37
0 27 9 3 1 0 1
cfn=(132) _dl_sysdep_start_cleanup
calls=1 0 
0 4 2 1 1 0 0 1
0 18 5 5 2 0 0 1
cfn=(124)
calls=1 0 
0 5667 2108 703 0 23 0 0 2
0 57 25 8 9 0 1 7 0 1
0 1 1
cfn=(32)
calls=1 0 
0 49 18 13
0 203 18 134 4 1 9 2 0 9
cfn=(118)
calls=1 0 
0 82 29 19 11 0 0 6
0 1 0 1
cfn=(120) _dl_allocate_tls_storage
calls=1 0 
0 441 56 320 6 0 18 3 0 18
0 31 7 9 7 0 1 5 0 1
cfn=(16)
calls=1 0 
0 82 11
0 10 0 4 1
cfn=(38)
calls=1 0 
0 23 14 9
0 11 1 7 2 0 0 1
cfn=(48) __strsep_g
calls=1 0 
0 624 158 4
0 4 1 3
cfn=(48)
calls=1 0 
0 13 6 3
0 22 3 5 2 0 0 1
cfn=(50)
calls=1 0 
0 2160 624 359 123 10 20 70 10 20

fn=(22)
0 295 101 8 2 18 0 1 18

fn=(20)
0 15 3 4 3 0 0 2

fn=(24)
0 42 0 30 1 0 1 1 0 1
cfn=(4)
calls=6 0 
0 12 12
0 36 0 30 1
cfn=(16)
calls=6 0 
0 264 46 0 0 1 0 0 1
0 42 0 24 2 0 0 1
0 6 6 0 1 0 0 1
cfn=(28) calloc
calls=6 0 
0 436 166 118 13 0 5 6 0 5
0 84 12 36 2 0 4 1 0 4
cfn=(38)
calls=6 0 
0 109 55 25 2 0 7 1 0 7
0 265 75 83 7 7 11 3 7 11
cfn=(16)
calls=5 0 
0 308 46
0 317 108 73 8 0 0 5
cfn=(44)
calls=5 0 
0 98 53 33 0 0 1 0 0 1
0 253 76 15 1 0 0 1
0 5 5
cfn=(32)
calls=5 0 
0 245 90 65

fn=(36) __libc_memalign
0 360 80 200 2 0 6 1 0 6
cfn=(4)
calls=40 0 
0 80 80
0 857 272 93 6 0 0 3
cfn=(68)
calls=2 0 
0 16 2
0 30 14 6 1

fn=(40)
0 7 0 5 1 0 0 1
cfn=(4)
calls=1 0 
0 2 2
0 8 2 3 2 0 0 1
cfn=(42)
calls=1 0 
0 1290 194 156 30 3 3 16 3 3
0 4 0 3
0 1 1
cfn=(32)
calls=1 0 
0 49 18 13
0 15 1 4 2 0 0 1
0 1 1
cfn=(32)
calls=1 0 
0 49 18 13
0 178 26 45 9 0 3 5 0 3
cfn=(16)
calls=1 0 
0 162 22 0 1
0 10 0 4 2 0 0 1
cfn=(38)
calls=1 0 
0 31 22 17
0 464 66 2 1
0 1 1
cfn=(32)
calls=1 0 
0 49 18 13

fn=(24)
0 15 0 5

fn=(40)
0 5 0 1

fn=(28)
0 98 28 42 1 0 0 1
cfn=(4)
calls=14 0 
0 28 28
0 56 0 28 1
0 14 14 0 1
cfn=(32)
calls=14 0 
0 749 260 201 11 0 5 5 0 5
0 56 56

fn=(32)
0 234 39 117 1 0 2 1 0 2
cfn=(4)
calls=39 0 
0 78 78
0 156 0 117 1
0 39 39
cfn=(36)
calls=39 0 
0 1311 437 292 9 0 6 4 0 6
0 156 117

fn=(40)
0 11 1 5 2 0 0 1
cfn=(46) fillin_rpath
calls=1 0 
0 2252 603 200 24 1 6 13 1 6
0 14 8 2 1 0 0 1

fn=(52)
0 2380 238 1190 2 0 4 1 0 1
cfn=(4)
calls=238 0 
0 476 476
0 952 0 714
cfn=(54)
calls=238 0 
0 2149 1192 0 1 14 0 0 7
0 2178 485 741 1 6 0 1 3
cfn=(54)
calls=247 0 
0 4873 1983 0 0 1 0 0 1
0 3567 1421 0 1

fn=(58)
0 245 0 175 1 0 5 1 0 5
cfn=(4)
calls=35 0 
0 70 70
0 280 0 210 1 0 0 1
cfn=(60)
calls=35 0 
0 620 235 95 2 0 0 1
0 160 10 65 2 0 0 1
cfn=(62)
calls=5 0 
0 50 25 5 1 0 0 1
0 891 505 46 11 2 1 6 2 1

fn=(64)
0 70 0 45 2 0 1 2 0 1
cfn=(4)
calls=5 0 
0 10 10
0 25 0 20 1
cfn=(66)
calls=5 0 
0 195 75 25 5 0 1 3 0 1
0 390 170 35 5 1 1 3 1 1
cfn=(24)
calls=5 0 
0 2343 688 479 10 5 23 5 5 23
0 730 162 70 12 0 2 6 0 2
cfn=(98) _dl_next_tls_modid
calls=1 0 
0 23 9 6 3 0 1 2 0 1
0 170 69 45 8 0 3 4 0 3
cfn=(68)
calls=5 0 
0 40 5 0 2 0 0 2
0 366 154 60 10 0 0 4
cfn=(68)
calls=3 0 
0 24 3
0 752 256 114 14 1 1 7 0 1
cfn=(72)
calls=1 0 
0 8 2
0 16 4 8 1 0 0 1
cfn=(72)
calls=4 0 
0 32 8 0 1 0 0 1
0 110 35 15 3 0 0 1
cfn=(6)
calls=5 0 
0 75 25 20 0 5 0 0 5
0 320 155 60 7 0 0 4
cfn=(68)
calls=5 0 
0 40 5
0 1031 175 117 6 22 7 4 22 7
cfn=(70)
calls=5 0 
0 2825 30 2745 2 0 175 1 0 175
0 407 17 38 5 0 10 2 0 10

fn=(66)
0 30 0 18 1 0 1 1 0 1
cfn=(4)
calls=6 0 
0 12 12
0 96 30 12 2 0 0 1

fn=(64)
0 186 44 22 11 1 2 7 1 2

fn=(66)
0 96 48 0 2 0 0 1

fn=(86)
0 261 86 84 2 0 0 1
cfn=(50)
calls=9 0 
0 12656 3720 2618 44 39 77 18 38 77

fn=(64)
0 4 2 2 1
cfn=(100) __GI__dl_make_stack_executable
calls=1 0 
0 495 172 106 27 6 0 13 6
0 3 0 1 1 0 0 1

fn=(74)
0 10 3 1 1 0 0 1
cfn=(76)
calls=1 0 
0 2 2
0 6 0 1 1

fn=(86)
0 10 2 4 1 0 0 1
cfn=(50)
calls=2 0 
0 16713 4507 4568 119 56 151 63 56 151
0 77 44 11

fn=(102) _dl_check_caller
0 8 1 5 1 0 0 1
cfn=(4)
calls=1 0 
0 2 2
0 171 65 38 7 5 0 3 5
cfn=(54)
calls=1 0 
0 9 5 0 0 1 0 0 1
0 9 2 3 1 0 0 1
cfn=(54)
calls=1 0 
0 9 5
0 2

fn=(106) memmove
0 106 30 10 6 0 0 4

fn=(122)
0 2 0 2 1 0 0 1
cfn=(76)
calls=2 0 
0 4 4
0 12 4 2 1 0 0 1

fn=(102)
0 15 5 3 3 0 0 1
cfn=(54)
calls=1 0 
0 9 5
0 9 2 3 1 0 0 1
cfn=(54)
calls=1 0 
0 9 5
0 9 2 2 1

fn=(116) match_symbol
0 352 32 192 1 0 0 1
cfn=(4)
calls=32 0 
0 64 64
0 2096 886 192 6 20 0 3 20
cfn=(54)
calls=32 0 
0 2620 808 0 0 11 0 0 11
0 288 160 0 1 0 0 1

fn=(122)
0 12 5 4 1

fn=(124)
0 70 7 42 1 0 0 1
cfn=(4)
calls=7 0 
0 14 14
0 3483 1340 384 22 34 2 11 24 2
cfn=(130) _dl_protect_relro
calls=4 0 
0 180 60 36 6 0 0 3
0 14952 5071 2691 15 196 9 8 162 9
cfn=(126)
calls=138 0 
0 110282 39674 12226 4 757 0 2 609
0 255 102 102 2 2 0 1 2
cfn=(126)
calls=17 0 
0 15770 5521 1592 38 201 0 22 150
0 4094 1628 570 13 8 7 6 6 6
cfn=(104)
calls=1 0 
0 10 5 1
0 1753 863 401 8 0 17 3 0 14
cfn=(38)
calls=3 0 
0 45 18 3 0 0 1 0 0 1
0 1034 334 130 10 0 5 7 0 5
cfn=(104)
calls=1 0 
0 10 5 1
0 2

fn=(148)
0 8 2 3 1 0 0 1

fn=(2)
0 7 0 5 1 0 1 1 0 1
cfn=(4)
calls=1 0 
0 2 2 0 1 0 0 1
0 40

fn=(148)
0 11 2 7 1
cfn=(4)
calls=1 0 
0 2 2

fn=(2)
0 124 28 22 5 4 4 3 4 4

fn=(148)
0 2 0 1 1
cfn=(122)
calls=1 0 
0 12 6 2
0 3 0 3 1 0 0 1
cfn=(136)
calls=1 0 
0 4 2 1
0 170 71 16 4 3 0 2
cfn=(136)
calls=1 0 
0 4 2 1
0 6 5

fn=(2)
0 49 14 14 5 0 0 2

fn=(148)
0 40 20 16 2 1 0 1
cob=(6) /lib/tls/librt-2.3.3.so
cfi=(7) ???
cfn=(266) 0x05C9ABD0
calls=1 0 
0 49 16 13 8 1 0 5
cob=(5) /usr/lib/valgrind/libpthread.so
cfi=(5) ???
cfn=(206) 0x000030E0
calls=1 0 
0 4552 1518 583 69 33 9 45 17 6
cob=(4) /lib/libdl-2.3.3.so
cfi=(4) ???
cfn=(184) 0x005C5AA0
calls=1 0 
0 49 16 13 9 1 0 6
cob=(3)
cfi=(3)
cfn=(172) _init
calls=1 0 
0 203 53 35 25 0 3 14 0 3
0 41 12 6 8 0 0 5
cob=(2) /usr/lib/valgrind/vg_inject.so
cfi=(2) ???
cfn=(150) 0x00000730
calls=1 0 
0 49 16 13 10 0 0 7
0 1

fn=(236) fixup
0 210 42 105 1 1 2 1 1 1
cfn=(4)
calls=21 0 
0 42 42
0 819 252 231 4 33 0 2 21
cfn=(126)
calls=21 0 
0 20405 7354 2385 1 189 11 1 101 4
0 693 315 21 3 18 1 2 12

fn=(612) _dl_fini
0 7 0 5 1 0 0 1
cfn=(4)
calls=1 0 
0 2 2
0 13 2 8 2 1 0 1 1
cfn=(418) rtld_lock_default_lock_recursive
calls=1 0 
0 6 3 2 1
0 45 30 30
cfn=(418)
calls=15 0 
0 90 45 30
0 1194 474 180 13 17 3 6 17 3
cfn=(420)
calls=16 0 
0 96 48 32 1
0 265 110 33 5 13 0 2 12
cob=(3)
cfi=(3)
cfn=(710) __libc_fini
calls=1 0 
0 18 7 4 1 1 0 1 1
0 36 13 4 1 2 0 1
cob=(4)
cfi=(4)
cfn=(682) 0x005C68C4
calls=1 0 
0 1367 479 178 13 17 0 5 5
cob=(5)
cfi=(5)
cfn=(662) 0x0000B2C8
calls=1 0 
0 1340 469 170 10 21 1 6 18
cob=(6)
cfi=(7)
cfn=(640) 0x05CA0700
calls=1 0 
0 1340 469 170 6 15 0 5 11
cob=(2)
cfi=(2)
cfn=(614) 0x00000A84
calls=1 0 
0 1340 469 170 15 30 0 10 19
0 96 10 60 4 0 0 2
cfn=(106)
calls=2 0 
0 53 15 5 3 0 0 2

fn=(124)
0 5 2 1 1

fn=(138)
0 5 0 3 1 0 0 1
cfn=(4)
calls=1 0 
0 2 2
0 5 1

fn=(612)
0 28 14 10 2 0 0 1

fn=(138)
0 4 1 3 1
cfn=(140) munmap
calls=1 0 
0 9 3 0 2
0 6 3 1

fn=(234)
0 126 42 84 1 0 1 1
cfn=(236)
calls=21 0 
0 22169 8005 2742 9 241 14 6 135 5
0 84 63 21

fn=(2)
0 16 9 3 2 0 0 1

fn=(10)
0 8 2 0 2 0 0 2

fn=(46)
0 9 0 6 1 0 0 1
cfn=(4)
calls=1 0 
0 2 2
0 9 2 6 1 0 0 1
cfn=(48)
calls=1 0 
0 374 95 5 4 1 0 2 1
0 8 0 3 1
cfn=(16)
calls=1 0 
0 52 8
0 4 0 4
cfn=(16)
calls=2 0 
0 139 21
0 120 54 24 4 0 0 2
cfn=(48)
calls=3 0 
0 991 254 12
0 105 40 16 7 0 0 4
0 3 3
cfn=(32)
calls=3 0 
0 147 54 39 0 0 1 0 0 1
0 36 9 15 1 0 1 0 0 1
cfn=(44)
calls=3 0 
0 58 31 19 0 0 3 0 0 3
0 195 30 51 5 0 1 3 0 1

fn=(48)
0 2002 513 24 4 1 0 2 1

fn=(54)
0 35595 13257 0 1 291 0 0 231

fn=(60)
0 360 180 36 1 0 0 1

fn=(2)
0 374 94 59 8 9 3 4 9 3
cfn=(6)
calls=1 0 
0 15 5 4 2 1 1 1 1 1
0 17 1 11 3 0 2 1 0 2
cfn=(8)
calls=1 0 
0 212877 72336 30026 844 1416 381 460 1162 376
0 100 8 9 6 1 3 3 0 3

fn=(16)
0 1468 186 0 6 2 0 4 2

fn=(60)
0 30 0 30 1
cfn=(76)
calls=30 0 
0 60 60
0 180 0 30

fn=(72)
0 42 6 0 1 0 0 1

fn=(16)
0 59 54

fn=(72)
0 6 6

fn=(68)
0 128 16 0 2 0 0 2

fn=(76)
0 100 100

fn=(78)
0 24 3 13 3 0 1 2 0 1
cfn=(4)
calls=1 0 
0 2 2
0 298 100 63 11 0 0 6
0 5 5
cfn=(32)
calls=5 0 
0 245 90 65
0 336 109 48 8 0 3 4 0 3
0 1 1
cfn=(32)
calls=1 0 
0 49 18 13
0 698 276 86 18 0 1 9 0 1
cfn=(106)
calls=2 0 
0 53 15 5 3 0 0 2
0 332 128 92 7 0 0 3
cfn=(12)
calls=11 0 
0 797 96 11 1 7 0 0 7
0 99 0 33 1 0 0 1
cfn=(80)
calls=11 0 
0 30399 8590 7582 175 95 228 88 94 228
0 1228 362 198 4 0 0 2

fn=(82)
0 48 12 24 1 0 0 1
cfn=(76)
calls=12 0 
0 24 24

fn=(78)
0 938 0 0 1

fn=(82)
0 36 12 0 1

fn=(78)
0 40 0 5 2 0 0 1

fn=(84)
0 132 33 77 2 0 0 1

fn=(88)
0 36 4 20 1 0 2 1 0 2
cfn=(4)
calls=4 0 
0 8 8
0 224 60 88 5 0 3 3 0 3
cfn=(44)
calls=10 0 
0 192 102 62
0 867 404 134 3 0 0 1
cfn=(44)
calls=31 0 
0 457 178 54
0 186 62 124
cfn=(44)
calls=31 0 
0 524 245 121
0 248 124 62 2 0 0 1
cfn=(58)
calls=31 0 
0 1530 508 478 1 0 5 0 0 5
0 520 151 85 6 0 0 3
0 1 1
cfn=(32)
calls=1 0 
0 49 18 13
0 11 3 5 1
cfn=(38)
calls=1 0 
0 23 14 9
0 247 78 120 2 0 0 2
cfn=(90) __GI___xstat64
calls=24 0 
0 936 318 141 6 0 0 4
0 144 3 21 2 0 0 1

fn=(90)
0 120 0 72 1 0 0 1
cfn=(4)
calls=24 0 
0 48 48
0 684 270 48 4 0 0 3

fn=(98)
0 7 0 5 2 0 1 1 0 1
cfn=(4)
calls=1 0 
0 2 2
0 14 7 1 1 0 0 1

fn=(90)
0 84 0 21 1

fn=(100)
0 9 1 5 1 0 0 1
cfn=(4)
calls=1 0 
0 2 2
0 9 3 4 1
cfn=(102)
calls=1 0 
0 261 99 54 14 6 0 7 6
0 19 6 4 3 0 0 2
cfn=(104)
calls=1 0 
0 19 7 3
0 7 1 4
cfn=(104)
calls=1 0 
0 19 7 3
0 48 9 12 2
cfn=(104)
calls=3 0 
0 48 19 7
0 18 4 4 1 0 0 1
cfn=(104)
calls=1 0 
0 19 7 3 3 0 0 1

fn=(112) _dl_check_all_versions
0 8 0 5 1 0 0 1
cfn=(4)
calls=1 0 
0 2 2
0 84 28 17 2 0 0 1
cfn=(114) _dl_check_map_versions
calls=7 0 
0 13980 5124 1795 33 50 21 19 50 21
0 35 6 0 1

fn=(114)
0 63 7 42 2 0 0 2
cfn=(4)
calls=7 0 
0 14 14
0 449 129 118 4 7 0 2 7
cfn=(52)
calls=50 0 
0 4005 1366 562
0 594 234 8 5 9 0 2 9
cfn=(116)
calls=2 0 
0 274 99 24 8 3 0 5 3
0 330 150 120
cfn=(116)
calls=30 0 
0 5146 1851 360 0 28 0 0 28
0 961 412 143 6 3 0 4 3
0 7 7
cfn=(28)
calls=7 0 
0 498 193 135 1
0 867 349 166 6 0 13 3 0 13

fn=(100)
0 17 7 3 2 0 0 1

fn=(114)
0 747 303 117 0 0 8 0 0 8

fn=(110)
0 8 1 4 2 0 0 2
cfn=(4)
calls=1 0 
0 2 2
0 4 2 1
cfn=(112)
calls=1 0 
0 14109 5160 1817 37 50 21 21 50 21
0 7 4 0 1

fn=(114)
0 25 10 0 1 0 0 1

fn=(120)
0 6 0 4 2 0 0 1
cfn=(4)
calls=1 0 
0 2 2
0 7 2 4 1 0 0 1
0 1 1
cfn=(36)
calls=1 0 
0 32 11 7
0 11 0 5 1
cfn=(70)
calls=1 0 
0 293 6 277 0 0 18 0 0 18
0 7 1 3 1 0 0 1
0 1 1
cfn=(28)
calls=1 0 
0 67 27 18
0 14 5 2 1

fn=(128)
0 1936 352 1232 2 1 2 1 1 1
cfn=(4)
calls=176 0 
0 352 352
0 60059 25168 7570 10 734 0 6 535
cfn=(54)
calls=623 0 
0 12926 5157 0 0 249 0 0 203
0 11692 3614 308 6 45 0 2 34
cfn=(52)
calls=142 0 
0 9139 3240 1562 0 21 3 0 11
0 2429 1167 477 2 0 0 1
cfn=(54)
calls=159 0 
0 12158 3769 0 0 10 0 0 3
0 2513 1232 332 4 4 0 4 4

fn=(130)
0 28 4 16 2 0 0 2
cfn=(4)
calls=4 0 
0 8 8
0 76 12 16 2 0 0 1
cfn=(104)
calls=4 0 
0 40 20 4 2
0 28 16

fn=(132)
0 4 2 1 1 0 0 1

fn=(136)
0 12 6 3

fn=(140)
0 9 3 0 2

fn=(144)
0 2 2 0 1 0 0 1

fn=(418)
0 102 51 34 2

ob=(4)
fl=(4)
fn=(702) fini
0 6 0 4 2 0 0 2
cfn=(704) 0x005C5D35
calls=1 0 
0 2 2 0 1 0 0 1
0 12 6 2 1

fn=(186) 0x005C5BB0
0 13 5 3 2 0 0 2

fn=(198) 0x005C6894
0 16 5 3 3 0 0 2

fn=(684) 0x005C5BD4
0 8 1 3 2 1

fn=(682)
0 7 0 4 1
cfn=(684)
calls=1 0 
0 1356 475 174 12 17 0 5 5

fn=(684)
0 6 2 2 1 2
0 5 3 2 4 0 0 2
cob=(3)
cfi=(3)
cfn=(628) __cxa_finalize
calls=1 0 
0 69 26 15
cob=(1)
cfi=(1)
cfn=(234)
calls=1 0 
0 1231 428 143 0 13 0 0 5
0 5 0 2
cfn=(702)
calls=1 0 
0 20 8 6 4 0 0 3
0 12 7 1 1 1

fn=(704)
0 2 2 0 1 0 0 1

fn=(184)
0 4 0 2 1
cfn=(186)
calls=1 0 
0 13 5 3 2 0 0 2
0 1 0 1
cfn=(192) 0x005C5C30
calls=1 0 
0 12 4 3 3 1 0 2
0 1 0 1
cfn=(198)
calls=1 0 
0 16 5 3 3 0 0 2
0 2 2

fn=(192)
0 12 4 3 3 1 0 2

fn=(682)
0 4 4

ob=(5)
fl=(5)
fn=(208) 0x00003368
0 13 5 3 2 1 0 2

fn=(220) 0x0000B298
0 12 1 4 2 0 0 1
cfi=(6) vg_libpthread.c
cfn=(226) init_global_thread_specific_state
calls=1 2024 
0 4498 1501 569 60 32 9 39 17 6
0 9 5 0 1 0 0 1

fn=(664) 0x0000338C
0 14 3 5 2 3 0 1 3
0 5 3 2 4 2 0 3 1
cob=(3)
cfi=(3)
cfn=(628)
calls=1 0 
0 69 26 15
cob=(1)
cfi=(1)
cfn=(234)
calls=1 0 
0 1231 428 143 0 15 1 0 13

fn=(206)
0 4 0 2 1
cfn=(208)
calls=1 0 
0 13 5 3 2 1 0 2
0 1 0 1
cfn=(214) 0x000033E8
calls=1 0 
0 12 4 3 3 0 0 2

fn=(664)
0 6 2 0 1 1 0 1 1

fn=(206)
0 1 0 1
cfn=(220)
calls=1 0 
0 4519 1507 573 63 32 9 41 17 6
0 2 2

fn=(664)
0 4 3 1 1

fn=(214)
0 12 4 3 3 0 0 2

fn=(662)
0 7 0 4 1 0 0 1
cfn=(664)
calls=1 0 
0 1329 465 166 8 21 1 5 18
0 4 4 0 1

fl=(6)
fn=(226)
2024 8 0 4 2 0 0 2
+5 2 1 0 0 1
+4 3 0 2 1 0 1 0 0 1
* 5 3 2 2 0 1 1 0 1
cfn=(238) pthread_mutex_lock
calls=1 1319 
* 21 4 7 4 0 0 3
cob=(1)
cfi=(1)
cfn=(234)
calls=1 0 
* 1051 359 114 9 13 3 6 7 3
+1 3
+3 2 1 0 1 0 0 1
249 13 0 5 3 0 0 1
395 11 0 5 3 0 0 2
+3 3
-6 2
2054 1 0 1 1 0 0 1
+3 1 0 1
cfn=(240) init_thread_specific_state
calls=1 +12 
* 1161 389 172 16 6 4 10 2 1
+3 5 0 4
* 5 3 2 2 1 0 2
cfn=(252) _pthread_cleanup_push
calls=1 885 
* 46 7 17 9 0 0 6
cob=(1)
cfi=(1)
cfn=(234)
calls=1 0 
* 913 309 102 0 5 0 0 4
+3 3 0 2 1
* 5 3 2 2 0 0 2
cfn=(258) pthread_mutex_unlock
calls=1 1345 
* 21 4 7 4 0 0 2
cob=(1)
cfi=(1)
cfn=(234)
calls=1 0 
* 1204 413 120 0 6 0 0 4
+1 3
+1 6 5

fn=(240)
2069 8 0 4 1 0 0 1
249 13 0 5 2 0 0 1
395 11 0 5 3 0 0 2
+3 3

fn=(238)
1324 1
+4 5 3 0 1 0 0 1

fn=(252)
885 8 0 4 2 0 0 2
249 10 0 5 1
889 1 0 1 1 0 0 1
+1 2 1 1
+1 2 1 1
+1 11 0 5 2 0 0 1

fn=(238)
1319 4 0 2 1 0 0 1
+3 1
+2 10 1 5 2 0 0 1

fn=(252)
249 3 0 0 1 0 0 1
892 1
+3 2

fn=(240)
392 1 0 0 1 0 0 1
2074 6 0 1 0 0 1
+3 1 0 1 1
+1 1 0 1
+1 1 0 1
+3 6 0 0 1 0 0 1
+1 2 0 1 1 0 1
-1 3

fn=(252)
896 6 5 0 2 0 0 1

fn=(240)
2083 12 0 6 0 0 1
-1 18
+8 2 0 2
* 5 3 2 1 1 0 1
cob=(3)
cfi=(3)
cfn=(246) uselocale
calls=1 0 
* 40 16 9 5 1 0 3 1
cob=(1)
cfi=(1)
cfn=(234)
calls=1 0 
* 1022 365 134 0 4 1 0 1 1
+2 6 5

fn=(258)
1345 4 0 2 1 0 0 1
+3 1
+2 11 1 5 2 0 0 1
+4 5 3 0 1

ob=(3)
fl=(3)
fn=(540) _int_free
0 12 2 6 2 0 0 1
cfn=(174) 0x004B0C71
calls=2 0 
0 4 4

fn=(298)
0 9 2 5 2 0 0 1
cfn=(174)
calls=1 0 
0 2 2
0 20 5 6 2 1 0 1
cfn=(300) __cxa_atexit_internal
calls=1 0 
0 72 19 16 10 1 1 5 1
0 2

fn=(540)
0 70 18 12 4 2 0 2

fn=(298)
0 6 0 4 1 0 0 1
cfn=(300)
calls=1 0 
0 80 20 16 0 0 1
0 8 4 1 1
cob=(7)
cfi=(8)
cfn=(304)
calls=1 0 
0 65 19 16 10 1 0 6
0 6 0 2
cfn=(328) __GI__setjmp
calls=1 0 
0 12 3 7 2 0 0 2
0 2

fn=(540)
0 14 6 2 1

fn=(298)
0 14 7 7 2 0 0 1
cob=(7)
cfi=(9)
cfn=(330)
calls=1 401 
0 3723803212 1456919790 870357731 863 179594097 28338883 502 466 14556
0 3 0 2 1 0 0 1
cfn=(598) exit
calls=1 0 
0 7814 2805 1201 124 125 4 70 91 3

fn=(360) _IO_doallocbuf_internal
0 14 2 8 1 0 0 1
cfn=(174)
calls=2 0 
0 4 4
0 20 10 4 1 2 0 1 1
cfn=(362) _IO_file_doallocate_internal
calls=2 0 
0 310 108 83 26 0 1 13
0 14 8 0 1

fn=(392)
0 49 7 21 1
cfn=(174)
calls=7 0 
0 14 14
0 49 14 28 1 2 0 1
cfn=(350) _IO_vfprintf_internal
calls=7 0 
0 17558 5659 3177 227 34 22 134 25 4
0 28 21

fn=(416) __GI__dl_addr
0 7 0 5 1 0 0 1
cfn=(174)
calls=1 0 
0 2 2
0 10 3 6 2 0 0 1
cob=(1)
cfi=(1)
cfn=(418)
calls=1 0 
0 6 3 2 1
0 24552 8486 682 14 388 0 7 271
cob=(1)
cfi=(1)
cfn=(420)
calls=1 0 
0 6 3 2 1 0 0 1
0 11 6 2 2 0 0 1

fn=(422) __GI___register_atfork
0 8 0 4 1 0 0 1
cfn=(174)
calls=1 0 
0 2 2
0 44 13 10 6 1 1 3 1 1

fn=(428) __GI___default_morecore
0 66 11 33 1 0 0 1
cfn=(430) sbrk
calls=11 0 
0 594 221 125 12 22 0 4
0 66 22

fn=(430)
0 55 0 33 2 0 0 1
cfn=(174)
calls=11 0 
0 22 22

fn=(540)
0 79 31 12 12 4 0 7
cfn=(428)
calls=1 0 
0 40 15 8 0 3
0 9 3 3 1
cfn=(428)
calls=1 0 
0 69 24 15
0 7 4 2 1 1 0 1
cfn=(428)
calls=1 0 
0 40 15 8
0 11 2 2 2 0 1 1

fn=(176) __init_misc
0 7 1 4 1 0 0 1
cfn=(174)
calls=1 0 
0 2 2
0 11 1 4 1
cfn=(178) strrchr
calls=1 0 
0 88 9 2 11 0 0 6
0 14 8 2 1 0 1 1 0 1

fn=(302) __new_exitfn
0 18 0 8 1 0 0 1
cfn=(174)
calls=2 0 
0 4 4
0 84 19 8 6 1 1 2 1

fn=(350)
0 135 0 75 2 0 1 2
cfn=(174)
calls=15 0 
0 30 30
0 887 255 181 12 4 6 5 4
cfn=(352) __find_specmb
calls=15 0 
0 1377 312 156 3 5 0 2 3
0 675 270 195 6 7 3 3 4 1
cfn=(354) _IO_file_xsputn@@GLIBC_2.1
calls=15 0 
0 1496 600 255 6 0 0 4
0 2640 560 677 33 9 1 18 8
cfn=(354)
calls=15 0 
0 1497 540 213 1 0 2 1 0 2
0 682 257 184 8 0 0 5
cfn=(352)
calls=31 0 
0 2241 544 272 0 2 0 0 2
0 279 124 155 2 0 0 2
cfn=(354)
calls=31 0 
0 6062 2235 1103 27 1 2 16
0 366 79 47 12 0 0 5
cfn=(554) __GI___printf_fp
calls=1 0 
0 3826 1380 819 164 11 6 97 11
0 729 211 182 20 0 0 12
cfn=(380) _itoa_word
calls=15 0 
0 946 273 144 5 2 0 3 2
0 635 137 77 20 0 0 16
cfn=(356) strlen
calls=15 0 
0 510 91 0 8 3 0 4 1
0 135 75 60 2 0 0 1
cfn=(354)
calls=15 0 
0 3027 1163 503 51 1 3 32 1 1
0 60 0 15

fn=(380)
0 120 15 75 1 0 0 1
cfn=(174)
calls=15 0 
0 30 30
0 796 228 69 4 2 0 2 2

fn=(402) __fopen_internal
0 6 0 4 1 0 0 1
cfn=(174)
calls=1 0 
0 2 2
0 3 0 2
0 1 1 0 1 0 0 1
cfn=(406)
calls=1 0 
0 26243 8827 1116 107 422 21 65 277 3
0 16 0 7 2 0 1 1 0 1
cfn=(434) _IO_no_init
calls=1 0 
0 85 22 47 11 0 2 6 0 2
0 4 0 3 1 0 0 1
cfn=(438) _IO_file_init@@GLIBC_2.1
calls=1 0 
0 112 33 36 15 1 0 9
0 8 3 5 1
cfn=(442) _IO_file_fopen@@GLIBC_2.1
calls=1 0 
0 147 50 31 18 1 0 11 1
0 4 0 2
cfn=(450) __fopen_maybe_mmap
calls=1 0 
0 14 7 3 2 0 0 1
0 5 4

fn=(410) ptmalloc_init
0 6 0 4 1 0 0 1
cfn=(174)
calls=1 0 
0 2 2
0 16 1 7 3 1 1 1 1
cfn=(412) getpagesize
calls=1 0 
0 13 6 2 3 0 0 3
0 24 5 11 4 3 2 2 2
cfn=(422)
calls=1 0 
0 54 15 14 7 1 1 4 1 1
0 299 85 6 2 21 0 1
cfn=(416)
calls=1 0 
0 24594 8503 699 21 388 0 11 271
0 39 17 1 5 3 0 4

fn=(424) _int_malloc
0 379320 47415 237075 2 0 12483 1 0 1051
cfn=(174)
calls=47415 0 
0 94830 94830
0 2512985 900877 426736 8 14822 18358 5
cfn=(426) malloc_consolidate
calls=1 0 
0 669 11 262 5 0 15 4
0 3888359 1327766 569050 25 30575 11948 13 1 11946
cfn=(428)
calls=7 0 
0 508 176 112 13 18 0 5
0 260 84 23 8 13 0 4
cfn=(428)
calls=1 0 
0 69 24 15 0 1
0 27 9 6 5 0 1 3 0 1

fn=(440) _IO_link_in_internal
0 18 4 10 2 0 0 1
cfn=(174)
calls=2 0 
0 4 4
0 89 27 21 10 1 0 6

fn=(442)
0 9 1 5 2 0 0 1
cfn=(174)
calls=1 0 
0 2 2
0 42 9 7 6 0 0 4
cfn=(444) open
calls=1 0 
0 14 8 2 2 0 0 1
0 4 0 1

fn=(172)
0 6 0 3 1 0 0 1
cfn=(174)
calls=1 0 
0 2 2 0 1 0 0 1
0 26 10 10 4 0 2 2 0 2
cfn=(176)
calls=1 0 
0 122 21 12 14 0 1 8 0 1
0 1 0 1
cfn=(180) __libc_global_ctors
calls=1 0 
0 40 15 9 4 0 0 2
0 6 5 0 1

fn=(180)
0 5 0 4 1 0 0 1
cfn=(174)
calls=1 0 
0 2 2
0 8 1 1 1
cfn=(182) _IO_check_libio
calls=1 0 
0 17 7 4 2 0 0 1
0 8 5

fn=(328)
0 12 3 7 2 0 0 2

fn=(354)
0 608 76 304 1 0 0 1
cfn=(174)
calls=76 0 
0 152 152
0 1587 473 230 3 0 0 1
cfn=(394) mempcpy
calls=3 0 
0 61 34 22 4 0 1 1 0 1
0 2436 530 380 3 0 2 2 0 2
cfn=(358) _IO_file_overflow@@GLIBC_2.1
calls=16 0 
0 2537 964 584 54 2 3 35 1
0 327 66 36 4 0 0 3
cfn=(378) _IO_default_xsputn_internal
calls=1 0 
0 512 205 90 9 0 1 5
0 3862 2038 428 7 0 0 5

fn=(356)
0 523 96 0 9 4 0 4 2

fn=(372) mmap
0 32 14 10 3 0 0 2
cob=(8) ???
cfi=(11) ???
cfn=(368) 0xAFEFF040
calls=2 0 
0 4 2
0 14 10

fn=(394)
0 75 39 23 5 0 1 1 0 1

fn=(408) malloc_hook_ini
0 5 0 3 1 0 0 1
cfn=(174)
calls=1 0 
0 2 2

fn=(442)
0 14 5 4 2 0 0 1
cfn=(440)
calls=1 0 
0 20 9 5
0 10 2 4 1
cfn=(448) strstr
calls=1 0 
0 22 8 3 4 1 0 3 1

fn=(408)
0 4 1 2 1
cfn=(410)
calls=1 0 
0 25047 8634 744 46 417 4 27 275 1
0 3 1 2
cfn=(407) malloc'2
calls=1 0 
0 1153 174 357 57 4 17 35 1 2
0 4 4

fn=(426)
0 8 1 5 1 0 0 1
cfn=(174)
calls=1 0 
0 2 2
0 659 8 257 4 0 15 3

fn=(434)
0 6 1 3 2 0 0 1
cfn=(174)
calls=1 0 
0 2 2
0 9 3 5 1 0 0 1
cfn=(436) _IO_old_init
calls=1 0 
0 44 9 25 5 0 1 3 0 1
0 24 7 14 3 0 1 1 0 1

fn=(442)
0 10 6 0 1 0 0 1

fn=(448)
0 22 8 3 4 1 0 3 1

fn=(462)
0 16 4 8 2 0 0 2
cfn=(174)
calls=2 0 
0 4 4
0 74 16 16 5 4 1 3
cfn=(424)
calls=2 0 
0 406 137 75 3 9 2 1 0 2
0 12236 20 12150 4 0 759 2 0 759

fn=(478) __GI___uflow
0 9037 1291 5164 1 0 0 1
cfn=(174)
calls=1291 0 
0 2582 2582
0 33566 11619 0 4 1285 0 2

fn=(480) _IO_default_uflow_internal
0 11619 5164 5164 2 0 0 1
cfn=(482) _IO_file_underflow@@GLIBC_2.1
calls=1291 0 
0 157677 64614 42653 22 2569 0 11 1
0 15488 7744 1290 1

fn=(478)
0 9037 5164 2582 0 1285
cfn=(480)
calls=1291 0 
0 184784 77522 49107 25 2569 0 12 1
0 9037 5164 0 1 0 0 1

fn=(482)
0 11619 2582 6455 1 0 0 1
cfn=(174)
calls=1291 0 
0 2582 2582
0 23243 14202 2 3 1281 0 1 1
cfn=(360)
calls=1 0 
0 174 65 47 5 1
0 6457 1293 2582 1 0 0 1
cfn=(484) _IO_switch_to_get_mode_internal
calls=1291 0 
0 34857 11619 10328 3 0 0 2
0 19365 6455 12910 2 1287 0 1
cfn=(486) _IO_file_read_internal
calls=1291 0 
0 37439 19365 9037 4 0 0 3
0 21941 6451 1292 3 0 0 2

fn=(488) read
0 2582 1291 0 1 0 0 1
cfn=(490) __read_nocancel
calls=1291 0 
0 15492 9037 2582 1

fn=(492) __ubp_memchr
0 16342901 2069386 348288 11 119068 0 6 63

fn=(568) __mpn_divrem
0 70 0 50 1 0 1 1
cfn=(174)
calls=10 0 
0 20 20
0 770 340 130 10 0 0 6

fn=(586) _IO_file_close_internal
0 7 2 3 1 0 0 1
cfn=(588) __close_nocancel
calls=1 0 
0 10 4 1 2 0 0 2
0 2 2

fn=(710)
0 5 0 4 1 0 0 1
cfn=(174)
calls=1 0 
0 2 2
0 11 5 0 0 1 0 0 1

fn=(716) _IO_file_setbuf@@GLIBC_2.1
0 8 2 4 1 0 0 1
cfn=(174)
calls=1 0 
0 2 2
0 6 1 4 1 0 0 1
cfn=(718) _IO_default_setbuf
calls=1 0 
0 131 44 37 11 0 0 7
0 17 5 6 1

fn=(718)
0 10 3 5 2 0 0 1
cfn=(174)
calls=1 0 
0 2 2
0 4 2 2 1 0 0 1
cfn=(720) _IO_file_sync@@GLIBC_2.1
calls=1 0 
0 29 12 7 4 0 0 3
0 13 1 2 1
cfn=(374) _IO_setb_internal
calls=1 0 
0 51 19 11
0 22 5 10 3 0 0 2

fn=(178)
0 88 9 2 11 0 0 6

fn=(348)
0 80 16 40 2 0 0 2
cfn=(350)
calls=8 0 
0 10677 3477 2136 155 11 2 94 11
0 16 16

fn=(352)
0 414 92 230 1 0 0 1
cfn=(174)
calls=46 0 
0 92 92
0 3112 672 198 2 7 0 1 5

fn=(364) _IO_file_stat_internal
0 20 6 10 2 0 1 2
cfn=(366) __fxstat64@@GLIBC_2.2
calls=2 0 
0 44 18 8 5 0 0 2
0 4 4

fn=(366)
0 10 2 6 2 0 0 1
cfn=(174)
calls=2 0 
0 4 4
0 10 4 2 2
cob=(8)
cfi=(11)
cfn=(368)
calls=2 0 
0 4 2 0 1 0 0 1
0 16 6

fn=(378)
0 9 2 5 2 0 0 2
cfn=(174)
calls=1 0 
0 2 2
0 135 68 22 3 0 0 1
cfn=(358)
calls=7 0 
0 329 126 56 3 0 1 1
0 37 7 7 1 0 0 1

fn=(400)
0 9 2 4 2 0 0 1
cfn=(174)
calls=1 0 
0 2 2
0 4 0 3
cfn=(402)
calls=1 0 
0 26650 8949 1256 159 424 24 96 278 6
0 4 3 0 1 0 0 1

fn=(412)
0 1 0 1 1 0 0 1
cfn=(414) __i686.get_pc_thunk.cx
calls=1 0 
0 2 2 0 1 0 0 1

fn=(492)
0 1489647 522511 0 2 0 0 1

fn=(502) 0x00504880
0 2371658 2371658

fn=(548) sysconf
0 9 1 5 1 0 0 1
cfn=(174)
calls=1 0 
0 2 2
0 27 11 1 7 1 0 5 1
cfn=(550) __getclktck
calls=1 0 
0 13 6 2 3 0 0 3
0 3

fn=(584) _IO_unsave_markers_internal
0 6 1 3 1 0 0 1
cfn=(174)
calls=1 0 
0 2 2
0 11 6 0 1 0 0 1

fn=(592) _IO_file_finish@@GLIBC_2.1
0 7 1 4 2 0 0 1
cfn=(174)
calls=1 0 
0 2 2
0 7 1 3 2 0 0 1
cfn=(594) _IO_default_finish_internal
calls=1 0 
0 46 19 11 3 0 0 2
0 5 4

fn=(714) _IO_flush_all_lockp
0 8 0 5 1 0 0 1
cfn=(174)
calls=1 0 
0 2 2
0 86 20 11 8 2 0 7 2

fn=(412)
0 10 4 1 1 0 0 1

fn=(714)
0 28 17 0 2 1 0 1 1

fn=(430)
0 88 33 22 2 14 0 1

fn=(436)
0 44 9 25 5 0 1 3 0 1

fn=(472)
0 1556541 172949 864745 1 0 0 1
cfn=(174)
calls=172949 0 
0 345898 345898
0 3804878 691796 1210643 2 13313 0 1
cfn=(474) _IO_getline_internal
calls=172949 0 
0 38619022 11245368 6703302 60 124208 1332 32 64 1
0 8820393 2940131 1383591 7 137520 331 3 0 1

fn=(474)
0 2421286 864745 1037694 2 0 0 2
cfn=(174)
calls=172949 0 
0 345898 345898
0 864745 0 691796 1
cfn=(476) _IO_getline_info_internal
calls=172949 0 
0 34295297 9515878 4973812 57 124208 1332 30 64 1
0 691796 518847

fn=(578)
0 8 1 5 2 0 0 2
cfn=(174)
calls=1 0 
0 2 2
0 35 16 6 4 2 0 2
cfn=(592)
calls=1 0 
0 67 27 18 7 0 0 4
0 17 8 3 3 2 0 1 2
0 1 1 0 1 0 0 1
cfn=(538)
calls=1 0 
0 123 40 27 6 2 0 1
0 9 6 2 1 0 0 1
cfn=(580) _IO_un_link_internal
calls=1 0 
0 99 28 25 14 2 0 8
0 6 3 2 1
cfn=(582) _IO_file_close_it@@GLIBC_2.1
calls=1 0 
0 167 61 50 19 0 0 14
0 18 5 4 3 0 0 2

fn=(546)
0 6 0 4 1 0 0 1
cfn=(174)
calls=1 0 
0 2 2
0 3 0 2 1
cfn=(548)
calls=1 0 
0 54 20 8 11 1 0 9 1
0 4 0 2
cfn=(552) times
calls=1 0 
0 10 4 1 2 0 0 2
0 15 6 0 2 0 0 1

fn=(554)
0 8 1 5 2 0 1 1
cfn=(174)
calls=1 0 
0 2 2
0 36 12 15 7 3 1 4 3
cfn=(556) isnan
calls=1 0 
0 16 4 1 2 0 0 2
0 5 1 2 2 0 0 1
cfn=(558) isinf
calls=1 0 
0 17 4 1 2 0 0 1
0 21 7 6 4 0 0 4
cfn=(560) __mpn_extract_double
calls=1 0 
0 30 10 7 4 0 0 3
0 435 154 98 34 7 1 19 7
cfn=(570) __mpn_mul_1
calls=3 0 
0 105 33 18 3 0 0 2
0 167 42 42 7 0 0 3
cfn=(570)
calls=6 0 
0 210 66 36
0 144 34 35 6 0 0 3
cfn=(570)
calls=1 0 
0 35 11 6
0 84 24 27 5 0 1 3
cfn=(568)
calls=3 0 
0 258 108 54 11 0 1 7
0 123 42 48 4 0 0 3
cfn=(568)
calls=6 0 
0 516 216 108
0 176 68 16 19 0 0 11
cfn=(356)
calls=1 0 
0 13 5 0 1 1 0 0 1
0 165 61 18 12 0 1 9
cfn=(562) __mpn_lshift
calls=1 0 
0 28 11 6 3 0 0 2
0 156 47 19 7 0 0 3
cfn=(394)
calls=1 0 
0 14 5 1 1
0 50 12 15 8 0 0 5
cfn=(566) __mpn_rshift
calls=1 0 
0 36 12 7 3 0 0 1
0 13 3 6 2 0 0 1
cfn=(566)
calls=1 0 
0 36 12 7
0 21 6 8 2 0 0 1
cfn=(568)
calls=1 0 
0 86 36 18
0 23 10 6 3 0 0 1
cfn=(564) __mpn_cmp
calls=1 0 
0 22 9 3 2 0 0 1
0 52 10 30 1 0 0 1
cfn=(572) __GI___overflow
calls=10 0 
0 710 300 150 6 0 0 4
0 13 2 0 1 0 0 1

fn=(556)
0 16 4 1 2 0 0 2

fn=(588)
0 4 2 1 1 0 0 1
cob=(8)
cfi=(11)
cfn=(368)
calls=1 0 
0 2 1
0 4 1 0 1 0 0 1

fn=(594)
0 7 1 4 1 0 0 1
cfn=(174)
calls=1 0 
0 2 2
0 13 3 2 2 0 0 1
cfn=(580)
calls=1 0 
0 19 9 5
0 5 4

fn=(598)
0 7 0 5 1 0 0 1
cfn=(174)
calls=1 0 
0 2 2
0 41 10 8 3 3 0 2 3
cob=(1)
cfi=(1)
cfn=(612)
calls=1 0 
0 7336 2659 1091 78 117 4 43 84 3
cob=(7)
cfi=(8)
cfn=(600)
calls=1 0 
0 46 14 11 7 1
0 20 6 2 3 1 0 1 1
cfn=(712) _IO_cleanup
calls=1 0 
0 352 111 81 30 3 0 21 3
0 6 1 2
cfn=(722) __GI__exit
calls=1 0 
0 4 2 1 2 0 0 2

fn=(174)
0 1233146 1233146 0 1 0 0 1

fn=(246)
0 6 1 3 2 0 0 1
cfn=(174)
calls=1 0 
0 2 2
0 32 13 6 3 1 0 2 1

fn=(300)
0 8 0 6 1 0 0 1
cfn=(174)
calls=2 0 
0 4 4
0 4 0 2 1 0 0 1
cfn=(302)
calls=2 0 
0 106 23 16 7 1 1 3 1
0 30 12 8 1 0 1

fn=(358)
0 264 33 165 1 0 1 1
cfn=(174)
calls=33 0 
0 66 66
0 201 34 0 2 0 0 2

fn=(430)
0 68 22 2 3 8 0 1
cfn=(432) brk
calls=1 0 
0 23 9 5 2 0 0 1
0 41 9 18
cfn=(432)
calls=9 0 
0 207 81 45 1
0 90 45 0 2

fn=(438)
0 7 1 4 2 0 0 2
cfn=(174)
calls=1 0 
0 2 2
0 6 0 5 1
cfn=(440)
calls=1 0 
0 91 26 26 12 1 0 7
0 6 4 1

fn=(476)
0 1556541 345898 864745 1 0 0 1
cfn=(174)
calls=172949 0 
0 345898 345898
0 4526118 1568826 869525 3 0 0 1
cfn=(492)
calls=174144 0 
0 17832548 2591897 348288 13 119068 0 7 63
0 528652 1244 179120 1
cfn=(494) memcpy
calls=1244 0 
0 25410 14214 7994
0 11731 2831 6314 1 0 0 1
cfn=(478)
calls=1291 0 
0 248043 103342 56853 31 5139 0 16 1
0 3470614 867032 1041126 2 0 1 1 0 1
cfn=(494)
calls=172900 0 
0 3847450 2291350 1426850 2 0 1331 1
0 1902292 1383346 172997 3 1 0 2

fn=(484)
0 34857 11619 10328 3 0 0 2

fn=(494)
0 3872860 2305564 1434844 2 0 1331 1

fn=(552)
0 4 2 1 2 0 0 2
cob=(8)
cfi=(11)
cfn=(368)
calls=1 0 
0 2 1
0 4 1

fn=(572)
0 70 10 40 1 0 0 1
cfn=(174)
calls=10 0 
0 20 20
0 100 50 30 2 0 0 1
cfn=(358)
calls=10 0 
0 470 180 80 3 0 0 2
0 50 40

fn=(580)
0 24 3 15 2 0 0 2
cfn=(174)
calls=3 0 
0 6 6
0 97 35 16 10 2 0 5

fn=(358)
0 2 0 2
cfn=(360)
calls=1 0 
0 188 67 48 24 1 1 15 1
0 775 319 135 11 0 1 5
cfn=(376) _IO_do_write@@GLIBC_2.1
calls=15 0 
0 1680 660 360 15 1 1 9
0 7 2 4 1 0 0 1
cfn=(376)
calls=1 0 
0 21 9 5 3 0 0 2
0 132 80 1 3 0 0 3

fn=(374)
0 28 4 16 4 0 0 2
cfn=(174)
calls=4 0 
0 8 8
0 36 8 6 1 0 0 1
cfn=(590) munmap
calls=2 0 
0 22 10 2 1 0 0 1
0 64 32 12 3 0 0 1

fn=(376)
0 96 16 48 2 0 1 1
cfn=(174)
calls=16 0 
0 32 32
0 246 106 92 4 1 0 2
cfn=(382) _IO_file_write@@GLIBC_2.1
calls=15 0 
0 780 330 135 8 0 0 5
0 547 185 90 4 0 0 3

fn=(386) __write_nocancel
0 90 60 30 2 0 0 1
cob=(8)
cfi=(11)
cfn=(368)
calls=15 0 
0 30 15
0 60 30

fn=(406)
0 237065 0 142239 1 0 6079 1
cfn=(174)
calls=47413 0 
0 94826 94826
0 331896 94828 94829 1 30239 0 1 1
cfn=(408)
calls=1 0 
0 26218 8816 1108 105 421 21 63 276 3
0 900834 189653 189648 0 24300 15327
cfn=(424)
calls=47412 0 
0 6875515 2370895 1232857 10 45416 42786 1 0 12994
0 663768 284472 47412

fn=(407)
0 5 0 3
cfn=(174)
calls=1 0 
0 2 2
0 26 6 6 3 0 0 1
cfn=(424)
calls=1 0 
0 1106 160 347 53 4 17 33 1 2
0 14 6 1 1 0 0 1

fn=(414)
0 4 4 0 2 0 0 2

fn=(432)
0 50 10 30 1 0 0 1
cfn=(174)
calls=10 0 
0 20 20
0 40 10 10
cob=(8)
cfi=(11)
cfn=(368)
calls=10 0 
0 20 10
0 100 40 10 2

fn=(446) __open_nocancel
0 6 4 2 1
cob=(8)
cfi=(11)
cfn=(368)
calls=1 0 
0 2 1
0 4 2

fn=(486)
0 16783 6455 6455 2 0 0 2
cfn=(488)
calls=1291 0 
0 18074 10328 2582 2 0 0 1
0 2582 2582

fn=(500)
0 2371658 0 2371658 1 0 0 1
cfn=(502)
calls=1185829 0 
0 2371658 2371658
0 246157568 46674450 103911350 7 125676 0 3 1

fn=(530)
0 604683413 319127275 0 2 9616479 0 1

fn=(562)
0 21 6 5 3 0 0 2

fn=(580)
0 10 2 4 2 0 0 1

fn=(590)
0 10 6 2 1 0 0 1
cob=(8)
cfi=(11)
cfn=(368)
calls=2 0 
0 4 2
0 8 2

fn=(720)
0 9 2 5 1 0 0 1
cfn=(174)
calls=1 0 
0 2 2
0 18 8 2 3 0 0 2

fn=(722)
0 3 2 1 2 0 0 2
cob=(8)
cfi=(11)
cfn=(368)
calls=1 0 
0 1

fn=(182)
0 5 0 3 1 0 0 1
cfn=(174)
calls=1 0 
0 2 2
0 10 5 1 1

fn=(362)
0 18 4 10 1 0 0 1
cfn=(174)
calls=2 0 
0 4 4
0 20 6 6 2 0 0 1
cfn=(364)
calls=2 0 
0 68 28 18 7 0 1 4
0 44 4 14 3 0 0 1
cfn=(372)
calls=2 0 
0 50 26 10 3 0 0 2
0 22 0 10 3
cfn=(374)
calls=2 0 
0 56 24 14 4 0 0 2
0 28 12 1 3 0 0 2

fn=(382)
0 255 90 105 3 0 0 2
cfn=(384) write
calls=15 0 
0 210 120 30 3 0 0 2

fn=(562)
0 7 5 1

fn=(560)
0 30 10 7 4 0 0 3

fn=(566)
0 72 24 14 3 0 0 1

fn=(628)
0 28 0 20 1 0 0 1
cfn=(174)
calls=4 0 
0 8 8
0 24 4 4 1

fn=(382)
0 315 120 0 2 0 0 1

fn=(384)
0 30 15 0 1 0 0 1
cfn=(386)
calls=15 0 
0 180 105 30 2 0 0 1

fn=(444)
0 2 1 0 1 0 0 1
cfn=(446)
calls=1 0 
0 12 7 2 1

fn=(450)
0 5 1 3 1 0 0 1
cfn=(174)
calls=1 0 
0 2 2
0 7 4 0 1

fn=(490)
0 7746 5164 2582 1
cob=(8)
cfi=(11)
cfn=(368)
calls=1291 0 
0 2582 1291
0 5164 2582

fn=(522)
0 1273658 311626 240508 2 1 0 1

fn=(538)
0 10 0 6 2 0 0 1
cfn=(174)
calls=2 0 
0 4 4
0 52 10 12 5 4 1 2
cfn=(540)
calls=2 0 
0 355 124 70 23 10 1 12
0 20 12 2 1 0 0 1

fn=(550)
0 1 0 1 1 0 0 1
cfn=(414)
calls=1 0 
0 2 2 0 1 0 0 1
0 10 4 1 1 0 0 1

fn=(558)
0 17 4 1 2 0 0 1

fn=(564)
0 22 9 3 2 0 0 1

fn=(570)
0 350 110 60 3 0 0 2

fn=(582)
0 9 1 5 1 0 0 1
cfn=(174)
calls=1 0 
0 2 2
0 8 2 2 1
cfn=(584)
calls=1 0 
0 19 9 3 2 0 0 2
0 5 3 2 1 0 0 1
cfn=(586)
calls=1 0 
0 19 8 4 3 0 0 3
0 6 1 3 1 0 0 1
cfn=(580)
calls=1 0 
0 19 9 5
0 14 7 4 2 0 0 1

fn=(628)
0 76 24 16 2 0 0 2
cfn=(630) __unregister_atfork
calls=4 0 
0 116 48 20 2 2 0 1
0 24 20 0 1 0 0 1

fn=(582)
0 8 0 5 2 0 0 1
cfn=(374)
calls=1 0 
0 51 19 11 5 0 0 3
0 7 0 6 1 0 0 1

fn=(630)
0 36 4 20 1 0 0 1
cfn=(174)
calls=4 0 
0 8 8
0 16 8 0 1 1

fn=(712)
0 7 0 5 1 0 0 1
cfn=(174)
calls=1 0 
0 2 2
0 3 0 2 1 0 0 1
cfn=(714)
calls=1 0 
0 124 39 16 11 3 0 9 3
0 51 16 7 3 0 0 1
cfn=(716)
calls=1 0 
0 164 54 51 14 0 0 9
0 1

fn=(630)
0 56 28 0 0 1

ob=(2)
fl=(2)
fn=(150)
0 4 0 2 1
cfn=(152) 0x000007A8
calls=1 0 
0 13 5 3 2 0 0 2
0 1 0 1
cfn=(158) 0x00000828
calls=1 0 
0 12 4 3 3 0 0 2

fn=(152)
0 13 5 3 2 0 0 2

fn=(164) 0x00000A54
0 16 5 3 3 0 0 2

fn=(150)
0 1 0 1 1 0 0 1
cfn=(164)
calls=1 0 
0 16 5 3 3 0 0 2
0 2 2

fn=(158)
0 12 4 3 3 0 0 2

fn=(616) 0x000007CC
0 14 3 5 2 1 0 1 1
0 5 3 2 2 0 0 2
cob=(3)
cfi=(3)
cfn=(628)
calls=1 0 
0 69 26 15 7 2 0 5
cob=(1)
cfi=(1)
cfn=(234)
calls=1 0 
0 1231 428 143 0 26 0 0 17
0 6 2 0 2 1 0 1 1

fn=(614)
0 7 0 4 1 0 0 1
cfn=(616)
calls=1 0 
0 1329 465 166 14 30 0 9 19

fn=(616)
0 4 3 1 1

fn=(614)
0 4 4

ob=(8)
fl=(11)
fn=(368)
0 2651 1325 0 1 0 0 1

ob=(6)
fl=(7)
fn=(266)
0 4 0 2 1
cfn=(268) 0x05C9B0E0
calls=1 0 
0 13 5 3 2 0 0 2

fn=(268)
0 9 1 3 1 0 0 1

fn=(266)
0 1 0 1
cfn=(274) 0x05C9B160
calls=1 0 
0 12 4 3 2 1 0 2
0 1 0 1 1
cfn=(280) 0x05CA064C
calls=1 0 
0 16 5 3 2 0 0 1
0 2 2

fn=(274)
0 12 4 3 2 1 0 2

fn=(268)
0 4 4 0 1 0 0 1

fn=(280)
0 16 5 3 2 0 0 1

fn=(640)
0 7 0 4 1 0 0 1
cfn=(642) 0x05C9B104
calls=1 0 
0 1329 465 166 5 15 0 4 11

fn=(642)
0 14 3 5 2 3 0 1 2
0 5 3 2 2 1 0 2 1
cob=(3)
cfi=(3)
cfn=(628)
calls=1 0 
0 69 26 15
cob=(1)
cfi=(1)
cfn=(234)
calls=1 0 
0 1231 428 143 0 10 0 0 8
0 6 2 0 1 1 0 1

fn=(640)
0 4 4

fn=(642)
0 4 3 1

totals: 3724031356 1456997321 870390033 2042 179595698 28339297 1159 1752 14959
